{
 "cells": [
  {
   "cell_type": "markdown",
   "id": "11eb3e3a",
   "metadata": {},
   "source": [
    "# Description"
   ]
  },
  {
   "cell_type": "markdown",
   "id": "8232e553",
   "metadata": {
    "papermill": {
     "duration": 0.048869,
     "end_time": "2021-08-23T21:23:47.409288",
     "exception": false,
     "start_time": "2021-08-23T21:23:47.360419",
     "status": "completed"
    },
    "tags": []
   },
   "source": [
    "\n",
    "The dataset is used for this competition is synthetic, but based on a real dataset. The original dataset deals with predicting the amount of an insurance claim. Although the features are anonymized, they have properties relating to real-world features."
   ]
  },
  {
   "cell_type": "code",
   "execution_count": 1,
   "id": "a7241676",
   "metadata": {
    "execution": {
     "iopub.execute_input": "2021-08-23T21:23:47.512418Z",
     "iopub.status.busy": "2021-08-23T21:23:47.510923Z",
     "iopub.status.idle": "2021-08-23T21:23:54.976092Z",
     "shell.execute_reply": "2021-08-23T21:23:54.976678Z",
     "shell.execute_reply.started": "2021-08-23T20:29:27.408327Z"
    },
    "papermill": {
     "duration": 7.518984,
     "end_time": "2021-08-23T21:23:54.977009",
     "exception": false,
     "start_time": "2021-08-23T21:23:47.458025",
     "status": "completed"
    },
    "tags": []
   },
   "outputs": [
    {
     "name": "stdout",
     "output_type": "stream",
     "text": [
      "Requirement already satisfied: opendatasets in c:\\users\\telvin\\anaconda3\\lib\\site-packages (0.1.20)\n",
      "Requirement already satisfied: tqdm in c:\\users\\telvin\\anaconda3\\lib\\site-packages (from opendatasets) (4.59.0)\n",
      "Requirement already satisfied: kaggle in c:\\users\\telvin\\anaconda3\\lib\\site-packages (from opendatasets) (1.5.12)\n",
      "Requirement already satisfied: click in c:\\users\\telvin\\anaconda3\\lib\\site-packages (from opendatasets) (7.1.2)\n",
      "Requirement already satisfied: six>=1.10 in c:\\users\\telvin\\anaconda3\\lib\\site-packages (from kaggle->opendatasets) (1.15.0)\n",
      "Requirement already satisfied: certifi in c:\\users\\telvin\\anaconda3\\lib\\site-packages (from kaggle->opendatasets) (2020.12.5)\n",
      "Requirement already satisfied: python-dateutil in c:\\users\\telvin\\anaconda3\\lib\\site-packages (from kaggle->opendatasets) (2.8.1)\n",
      "Requirement already satisfied: python-slugify in c:\\users\\telvin\\anaconda3\\lib\\site-packages (from kaggle->opendatasets) (5.0.2)\n",
      "Requirement already satisfied: urllib3 in c:\\users\\telvin\\anaconda3\\lib\\site-packages (from kaggle->opendatasets) (1.26.4)\n",
      "Requirement already satisfied: requests in c:\\users\\telvin\\anaconda3\\lib\\site-packages (from kaggle->opendatasets) (2.25.1)\n",
      "Requirement already satisfied: text-unidecode>=1.3 in c:\\users\\telvin\\anaconda3\\lib\\site-packages (from python-slugify->kaggle->opendatasets) (1.3)\n",
      "Requirement already satisfied: idna<3,>=2.5 in c:\\users\\telvin\\anaconda3\\lib\\site-packages (from requests->kaggle->opendatasets) (2.10)\n",
      "Requirement already satisfied: chardet<5,>=3.0.2 in c:\\users\\telvin\\anaconda3\\lib\\site-packages (from requests->kaggle->opendatasets) (4.0.0)\n",
      "Note: you may need to restart the kernel to use updated packages.\n"
     ]
    }
   ],
   "source": [
    "pip install opendatasets"
   ]
  },
  {
   "cell_type": "code",
   "execution_count": 1,
   "id": "76dbd600",
   "metadata": {
    "execution": {
     "iopub.execute_input": "2021-08-23T21:23:55.084937Z",
     "iopub.status.busy": "2021-08-23T21:23:55.084177Z",
     "iopub.status.idle": "2021-08-23T21:23:55.183391Z",
     "shell.execute_reply": "2021-08-23T21:23:55.182890Z",
     "shell.execute_reply.started": "2021-08-23T20:29:34.132679Z"
    },
    "papermill": {
     "duration": 0.154337,
     "end_time": "2021-08-23T21:23:55.183509",
     "exception": false,
     "start_time": "2021-08-23T21:23:55.029172",
     "status": "completed"
    },
    "tags": []
   },
   "outputs": [],
   "source": [
    "import opendatasets as od\n",
    "import os"
   ]
  },
  {
   "cell_type": "code",
   "execution_count": 2,
   "id": "8a282b70",
   "metadata": {
    "execution": {
     "iopub.execute_input": "2021-08-23T21:23:55.290360Z",
     "iopub.status.busy": "2021-08-23T21:23:55.289771Z",
     "iopub.status.idle": "2021-08-23T21:23:55.355372Z",
     "shell.execute_reply": "2021-08-23T21:23:55.354838Z",
     "shell.execute_reply.started": "2021-08-23T20:29:34.140271Z"
    },
    "papermill": {
     "duration": 0.120872,
     "end_time": "2021-08-23T21:23:55.355593",
     "exception": true,
     "start_time": "2021-08-23T21:23:55.234721",
     "status": "failed"
    },
    "tags": []
   },
   "outputs": [
    {
     "name": "stdout",
     "output_type": "stream",
     "text": [
      "Skipping, found downloaded files in \".\\30-days-of-ml\" (use force=True to force download)\n"
     ]
    }
   ],
   "source": [
    "od.download(\"https://www.kaggle.com/c/30-days-of-ml/data\")"
   ]
  },
  {
   "cell_type": "code",
   "execution_count": 3,
   "id": "76c51419",
   "metadata": {
    "execution": {
     "iopub.execute_input": "2021-08-23T20:29:34.150642Z",
     "iopub.status.busy": "2021-08-23T20:29:34.150252Z",
     "iopub.status.idle": "2021-08-23T20:29:34.159697Z",
     "shell.execute_reply": "2021-08-23T20:29:34.158744Z",
     "shell.execute_reply.started": "2021-08-23T20:29:34.150600Z"
    },
    "papermill": {
     "duration": null,
     "end_time": null,
     "exception": null,
     "start_time": null,
     "status": "pending"
    },
    "tags": []
   },
   "outputs": [
    {
     "data": {
      "text/plain": [
       "['sample_submission.csv', 'test.csv', 'train.csv']"
      ]
     },
     "execution_count": 3,
     "metadata": {},
     "output_type": "execute_result"
    }
   ],
   "source": [
    "os.listdir(\"30-days-of-ml\")"
   ]
  },
  {
   "cell_type": "code",
   "execution_count": 4,
   "id": "c144d3e7",
   "metadata": {
    "execution": {
     "iopub.execute_input": "2021-08-23T20:29:34.161450Z",
     "iopub.status.busy": "2021-08-23T20:29:34.161049Z",
     "iopub.status.idle": "2021-08-23T20:29:34.167859Z",
     "shell.execute_reply": "2021-08-23T20:29:34.167081Z",
     "shell.execute_reply.started": "2021-08-23T20:29:34.161418Z"
    },
    "papermill": {
     "duration": null,
     "end_time": null,
     "exception": null,
     "start_time": null,
     "status": "pending"
    },
    "tags": []
   },
   "outputs": [],
   "source": [
    "import pandas as pd"
   ]
  },
  {
   "cell_type": "code",
   "execution_count": 5,
   "id": "8ee3cea5",
   "metadata": {
    "execution": {
     "iopub.execute_input": "2021-08-23T20:29:34.169733Z",
     "iopub.status.busy": "2021-08-23T20:29:34.169118Z",
     "iopub.status.idle": "2021-08-23T20:29:35.204472Z",
     "shell.execute_reply": "2021-08-23T20:29:35.203518Z",
     "shell.execute_reply.started": "2021-08-23T20:29:34.169699Z"
    },
    "papermill": {
     "duration": null,
     "end_time": null,
     "exception": null,
     "start_time": null,
     "status": "pending"
    },
    "tags": []
   },
   "outputs": [],
   "source": [
    "train = pd.read_csv('30-days-of-ml/train.csv', error_bad_lines = False)"
   ]
  },
  {
   "cell_type": "code",
   "execution_count": 6,
   "id": "80c94daf",
   "metadata": {
    "execution": {
     "iopub.execute_input": "2021-08-23T20:29:35.206440Z",
     "iopub.status.busy": "2021-08-23T20:29:35.205872Z",
     "iopub.status.idle": "2021-08-23T20:29:35.360395Z",
     "shell.execute_reply": "2021-08-23T20:29:35.359422Z",
     "shell.execute_reply.started": "2021-08-23T20:29:35.206404Z"
    },
    "papermill": {
     "duration": null,
     "end_time": null,
     "exception": null,
     "start_time": null,
     "status": "pending"
    },
    "tags": []
   },
   "outputs": [
    {
     "data": {
      "text/html": [
       "<div>\n",
       "<style scoped>\n",
       "    .dataframe tbody tr th:only-of-type {\n",
       "        vertical-align: middle;\n",
       "    }\n",
       "\n",
       "    .dataframe tbody tr th {\n",
       "        vertical-align: top;\n",
       "    }\n",
       "\n",
       "    .dataframe thead th {\n",
       "        text-align: right;\n",
       "    }\n",
       "</style>\n",
       "<table border=\"1\" class=\"dataframe\">\n",
       "  <thead>\n",
       "    <tr style=\"text-align: right;\">\n",
       "      <th></th>\n",
       "      <th>id</th>\n",
       "      <th>cat0</th>\n",
       "      <th>cat1</th>\n",
       "      <th>cat2</th>\n",
       "      <th>cat3</th>\n",
       "      <th>cat4</th>\n",
       "      <th>cat5</th>\n",
       "      <th>cat6</th>\n",
       "      <th>cat7</th>\n",
       "      <th>cat8</th>\n",
       "      <th>...</th>\n",
       "      <th>cont5</th>\n",
       "      <th>cont6</th>\n",
       "      <th>cont7</th>\n",
       "      <th>cont8</th>\n",
       "      <th>cont9</th>\n",
       "      <th>cont10</th>\n",
       "      <th>cont11</th>\n",
       "      <th>cont12</th>\n",
       "      <th>cont13</th>\n",
       "      <th>target</th>\n",
       "    </tr>\n",
       "  </thead>\n",
       "  <tbody>\n",
       "    <tr>\n",
       "      <th>0</th>\n",
       "      <td>1</td>\n",
       "      <td>B</td>\n",
       "      <td>B</td>\n",
       "      <td>B</td>\n",
       "      <td>C</td>\n",
       "      <td>B</td>\n",
       "      <td>B</td>\n",
       "      <td>A</td>\n",
       "      <td>E</td>\n",
       "      <td>C</td>\n",
       "      <td>...</td>\n",
       "      <td>0.400361</td>\n",
       "      <td>0.160266</td>\n",
       "      <td>0.310921</td>\n",
       "      <td>0.389470</td>\n",
       "      <td>0.267559</td>\n",
       "      <td>0.237281</td>\n",
       "      <td>0.377873</td>\n",
       "      <td>0.322401</td>\n",
       "      <td>0.869850</td>\n",
       "      <td>8.113634</td>\n",
       "    </tr>\n",
       "    <tr>\n",
       "      <th>1</th>\n",
       "      <td>2</td>\n",
       "      <td>B</td>\n",
       "      <td>B</td>\n",
       "      <td>A</td>\n",
       "      <td>A</td>\n",
       "      <td>B</td>\n",
       "      <td>D</td>\n",
       "      <td>A</td>\n",
       "      <td>F</td>\n",
       "      <td>A</td>\n",
       "      <td>...</td>\n",
       "      <td>0.533087</td>\n",
       "      <td>0.558922</td>\n",
       "      <td>0.516294</td>\n",
       "      <td>0.594928</td>\n",
       "      <td>0.341439</td>\n",
       "      <td>0.906013</td>\n",
       "      <td>0.921701</td>\n",
       "      <td>0.261975</td>\n",
       "      <td>0.465083</td>\n",
       "      <td>8.481233</td>\n",
       "    </tr>\n",
       "    <tr>\n",
       "      <th>2</th>\n",
       "      <td>3</td>\n",
       "      <td>A</td>\n",
       "      <td>A</td>\n",
       "      <td>A</td>\n",
       "      <td>C</td>\n",
       "      <td>B</td>\n",
       "      <td>D</td>\n",
       "      <td>A</td>\n",
       "      <td>D</td>\n",
       "      <td>A</td>\n",
       "      <td>...</td>\n",
       "      <td>0.650609</td>\n",
       "      <td>0.375348</td>\n",
       "      <td>0.902567</td>\n",
       "      <td>0.555205</td>\n",
       "      <td>0.843531</td>\n",
       "      <td>0.748809</td>\n",
       "      <td>0.620126</td>\n",
       "      <td>0.541474</td>\n",
       "      <td>0.763846</td>\n",
       "      <td>8.364351</td>\n",
       "    </tr>\n",
       "    <tr>\n",
       "      <th>3</th>\n",
       "      <td>4</td>\n",
       "      <td>B</td>\n",
       "      <td>B</td>\n",
       "      <td>A</td>\n",
       "      <td>C</td>\n",
       "      <td>B</td>\n",
       "      <td>D</td>\n",
       "      <td>A</td>\n",
       "      <td>E</td>\n",
       "      <td>C</td>\n",
       "      <td>...</td>\n",
       "      <td>0.668980</td>\n",
       "      <td>0.239061</td>\n",
       "      <td>0.732948</td>\n",
       "      <td>0.679618</td>\n",
       "      <td>0.574844</td>\n",
       "      <td>0.346010</td>\n",
       "      <td>0.714610</td>\n",
       "      <td>0.540150</td>\n",
       "      <td>0.280682</td>\n",
       "      <td>8.049253</td>\n",
       "    </tr>\n",
       "    <tr>\n",
       "      <th>4</th>\n",
       "      <td>6</td>\n",
       "      <td>A</td>\n",
       "      <td>A</td>\n",
       "      <td>A</td>\n",
       "      <td>C</td>\n",
       "      <td>B</td>\n",
       "      <td>D</td>\n",
       "      <td>A</td>\n",
       "      <td>E</td>\n",
       "      <td>A</td>\n",
       "      <td>...</td>\n",
       "      <td>0.686964</td>\n",
       "      <td>0.420667</td>\n",
       "      <td>0.648182</td>\n",
       "      <td>0.684501</td>\n",
       "      <td>0.956692</td>\n",
       "      <td>1.000773</td>\n",
       "      <td>0.776742</td>\n",
       "      <td>0.625849</td>\n",
       "      <td>0.250823</td>\n",
       "      <td>7.972260</td>\n",
       "    </tr>\n",
       "    <tr>\n",
       "      <th>...</th>\n",
       "      <td>...</td>\n",
       "      <td>...</td>\n",
       "      <td>...</td>\n",
       "      <td>...</td>\n",
       "      <td>...</td>\n",
       "      <td>...</td>\n",
       "      <td>...</td>\n",
       "      <td>...</td>\n",
       "      <td>...</td>\n",
       "      <td>...</td>\n",
       "      <td>...</td>\n",
       "      <td>...</td>\n",
       "      <td>...</td>\n",
       "      <td>...</td>\n",
       "      <td>...</td>\n",
       "      <td>...</td>\n",
       "      <td>...</td>\n",
       "      <td>...</td>\n",
       "      <td>...</td>\n",
       "      <td>...</td>\n",
       "      <td>...</td>\n",
       "    </tr>\n",
       "    <tr>\n",
       "      <th>299995</th>\n",
       "      <td>499993</td>\n",
       "      <td>B</td>\n",
       "      <td>B</td>\n",
       "      <td>A</td>\n",
       "      <td>A</td>\n",
       "      <td>B</td>\n",
       "      <td>D</td>\n",
       "      <td>A</td>\n",
       "      <td>E</td>\n",
       "      <td>A</td>\n",
       "      <td>...</td>\n",
       "      <td>0.769792</td>\n",
       "      <td>0.450538</td>\n",
       "      <td>0.934360</td>\n",
       "      <td>1.005077</td>\n",
       "      <td>0.853726</td>\n",
       "      <td>0.422541</td>\n",
       "      <td>1.063463</td>\n",
       "      <td>0.697685</td>\n",
       "      <td>0.506404</td>\n",
       "      <td>7.945605</td>\n",
       "    </tr>\n",
       "    <tr>\n",
       "      <th>299996</th>\n",
       "      <td>499996</td>\n",
       "      <td>A</td>\n",
       "      <td>B</td>\n",
       "      <td>A</td>\n",
       "      <td>C</td>\n",
       "      <td>B</td>\n",
       "      <td>B</td>\n",
       "      <td>A</td>\n",
       "      <td>E</td>\n",
       "      <td>E</td>\n",
       "      <td>...</td>\n",
       "      <td>0.528056</td>\n",
       "      <td>0.508502</td>\n",
       "      <td>0.358247</td>\n",
       "      <td>0.257825</td>\n",
       "      <td>0.433525</td>\n",
       "      <td>0.301015</td>\n",
       "      <td>0.268447</td>\n",
       "      <td>0.577055</td>\n",
       "      <td>0.823611</td>\n",
       "      <td>7.326118</td>\n",
       "    </tr>\n",
       "    <tr>\n",
       "      <th>299997</th>\n",
       "      <td>499997</td>\n",
       "      <td>B</td>\n",
       "      <td>B</td>\n",
       "      <td>A</td>\n",
       "      <td>C</td>\n",
       "      <td>B</td>\n",
       "      <td>C</td>\n",
       "      <td>A</td>\n",
       "      <td>E</td>\n",
       "      <td>G</td>\n",
       "      <td>...</td>\n",
       "      <td>0.688747</td>\n",
       "      <td>0.372425</td>\n",
       "      <td>0.364936</td>\n",
       "      <td>0.383224</td>\n",
       "      <td>0.551825</td>\n",
       "      <td>0.661007</td>\n",
       "      <td>0.629606</td>\n",
       "      <td>0.714139</td>\n",
       "      <td>0.245732</td>\n",
       "      <td>8.706755</td>\n",
       "    </tr>\n",
       "    <tr>\n",
       "      <th>299998</th>\n",
       "      <td>499998</td>\n",
       "      <td>A</td>\n",
       "      <td>B</td>\n",
       "      <td>A</td>\n",
       "      <td>C</td>\n",
       "      <td>B</td>\n",
       "      <td>B</td>\n",
       "      <td>A</td>\n",
       "      <td>E</td>\n",
       "      <td>E</td>\n",
       "      <td>...</td>\n",
       "      <td>0.344404</td>\n",
       "      <td>0.424243</td>\n",
       "      <td>0.382028</td>\n",
       "      <td>0.468819</td>\n",
       "      <td>0.351036</td>\n",
       "      <td>0.288768</td>\n",
       "      <td>0.611169</td>\n",
       "      <td>0.380254</td>\n",
       "      <td>0.332030</td>\n",
       "      <td>7.229569</td>\n",
       "    </tr>\n",
       "    <tr>\n",
       "      <th>299999</th>\n",
       "      <td>499999</td>\n",
       "      <td>A</td>\n",
       "      <td>A</td>\n",
       "      <td>A</td>\n",
       "      <td>C</td>\n",
       "      <td>A</td>\n",
       "      <td>D</td>\n",
       "      <td>A</td>\n",
       "      <td>E</td>\n",
       "      <td>A</td>\n",
       "      <td>...</td>\n",
       "      <td>0.565347</td>\n",
       "      <td>0.328669</td>\n",
       "      <td>0.789165</td>\n",
       "      <td>0.960406</td>\n",
       "      <td>0.776019</td>\n",
       "      <td>0.734707</td>\n",
       "      <td>0.484392</td>\n",
       "      <td>0.639754</td>\n",
       "      <td>0.689317</td>\n",
       "      <td>8.631146</td>\n",
       "    </tr>\n",
       "  </tbody>\n",
       "</table>\n",
       "<p>300000 rows × 26 columns</p>\n",
       "</div>"
      ],
      "text/plain": [
       "            id cat0 cat1 cat2 cat3 cat4 cat5 cat6 cat7 cat8  ...     cont5  \\\n",
       "0            1    B    B    B    C    B    B    A    E    C  ...  0.400361   \n",
       "1            2    B    B    A    A    B    D    A    F    A  ...  0.533087   \n",
       "2            3    A    A    A    C    B    D    A    D    A  ...  0.650609   \n",
       "3            4    B    B    A    C    B    D    A    E    C  ...  0.668980   \n",
       "4            6    A    A    A    C    B    D    A    E    A  ...  0.686964   \n",
       "...        ...  ...  ...  ...  ...  ...  ...  ...  ...  ...  ...       ...   \n",
       "299995  499993    B    B    A    A    B    D    A    E    A  ...  0.769792   \n",
       "299996  499996    A    B    A    C    B    B    A    E    E  ...  0.528056   \n",
       "299997  499997    B    B    A    C    B    C    A    E    G  ...  0.688747   \n",
       "299998  499998    A    B    A    C    B    B    A    E    E  ...  0.344404   \n",
       "299999  499999    A    A    A    C    A    D    A    E    A  ...  0.565347   \n",
       "\n",
       "           cont6     cont7     cont8     cont9    cont10    cont11    cont12  \\\n",
       "0       0.160266  0.310921  0.389470  0.267559  0.237281  0.377873  0.322401   \n",
       "1       0.558922  0.516294  0.594928  0.341439  0.906013  0.921701  0.261975   \n",
       "2       0.375348  0.902567  0.555205  0.843531  0.748809  0.620126  0.541474   \n",
       "3       0.239061  0.732948  0.679618  0.574844  0.346010  0.714610  0.540150   \n",
       "4       0.420667  0.648182  0.684501  0.956692  1.000773  0.776742  0.625849   \n",
       "...          ...       ...       ...       ...       ...       ...       ...   \n",
       "299995  0.450538  0.934360  1.005077  0.853726  0.422541  1.063463  0.697685   \n",
       "299996  0.508502  0.358247  0.257825  0.433525  0.301015  0.268447  0.577055   \n",
       "299997  0.372425  0.364936  0.383224  0.551825  0.661007  0.629606  0.714139   \n",
       "299998  0.424243  0.382028  0.468819  0.351036  0.288768  0.611169  0.380254   \n",
       "299999  0.328669  0.789165  0.960406  0.776019  0.734707  0.484392  0.639754   \n",
       "\n",
       "          cont13    target  \n",
       "0       0.869850  8.113634  \n",
       "1       0.465083  8.481233  \n",
       "2       0.763846  8.364351  \n",
       "3       0.280682  8.049253  \n",
       "4       0.250823  7.972260  \n",
       "...          ...       ...  \n",
       "299995  0.506404  7.945605  \n",
       "299996  0.823611  7.326118  \n",
       "299997  0.245732  8.706755  \n",
       "299998  0.332030  7.229569  \n",
       "299999  0.689317  8.631146  \n",
       "\n",
       "[300000 rows x 26 columns]"
      ]
     },
     "execution_count": 6,
     "metadata": {},
     "output_type": "execute_result"
    }
   ],
   "source": [
    "train"
   ]
  },
  {
   "cell_type": "markdown",
   "id": "dff12253",
   "metadata": {
    "papermill": {
     "duration": null,
     "end_time": null,
     "exception": null,
     "start_time": null,
     "status": "pending"
    },
    "tags": []
   },
   "source": [
    "**Exploring The Dataset**"
   ]
  },
  {
   "cell_type": "code",
   "execution_count": 7,
   "id": "8995e098",
   "metadata": {
    "execution": {
     "iopub.execute_input": "2021-08-23T20:29:35.365032Z",
     "iopub.status.busy": "2021-08-23T20:29:35.364648Z",
     "iopub.status.idle": "2021-08-23T20:29:35.644044Z",
     "shell.execute_reply": "2021-08-23T20:29:35.643036Z",
     "shell.execute_reply.started": "2021-08-23T20:29:35.364995Z"
    },
    "papermill": {
     "duration": null,
     "end_time": null,
     "exception": null,
     "start_time": null,
     "status": "pending"
    },
    "tags": []
   },
   "outputs": [
    {
     "name": "stdout",
     "output_type": "stream",
     "text": [
      "<class 'pandas.core.frame.DataFrame'>\n",
      "RangeIndex: 300000 entries, 0 to 299999\n",
      "Data columns (total 26 columns):\n",
      " #   Column  Non-Null Count   Dtype  \n",
      "---  ------  --------------   -----  \n",
      " 0   id      300000 non-null  int64  \n",
      " 1   cat0    300000 non-null  object \n",
      " 2   cat1    300000 non-null  object \n",
      " 3   cat2    300000 non-null  object \n",
      " 4   cat3    300000 non-null  object \n",
      " 5   cat4    300000 non-null  object \n",
      " 6   cat5    300000 non-null  object \n",
      " 7   cat6    300000 non-null  object \n",
      " 8   cat7    300000 non-null  object \n",
      " 9   cat8    300000 non-null  object \n",
      " 10  cat9    300000 non-null  object \n",
      " 11  cont0   300000 non-null  float64\n",
      " 12  cont1   300000 non-null  float64\n",
      " 13  cont2   300000 non-null  float64\n",
      " 14  cont3   300000 non-null  float64\n",
      " 15  cont4   300000 non-null  float64\n",
      " 16  cont5   300000 non-null  float64\n",
      " 17  cont6   300000 non-null  float64\n",
      " 18  cont7   300000 non-null  float64\n",
      " 19  cont8   300000 non-null  float64\n",
      " 20  cont9   300000 non-null  float64\n",
      " 21  cont10  300000 non-null  float64\n",
      " 22  cont11  300000 non-null  float64\n",
      " 23  cont12  300000 non-null  float64\n",
      " 24  cont13  300000 non-null  float64\n",
      " 25  target  300000 non-null  float64\n",
      "dtypes: float64(15), int64(1), object(10)\n",
      "memory usage: 59.5+ MB\n"
     ]
    }
   ],
   "source": [
    "train.info()"
   ]
  },
  {
   "cell_type": "code",
   "execution_count": 8,
   "id": "1f51a9a5",
   "metadata": {
    "execution": {
     "iopub.execute_input": "2021-08-23T20:29:35.646545Z",
     "iopub.status.busy": "2021-08-23T20:29:35.646164Z",
     "iopub.status.idle": "2021-08-23T20:29:35.937014Z",
     "shell.execute_reply": "2021-08-23T20:29:35.935966Z",
     "shell.execute_reply.started": "2021-08-23T20:29:35.646506Z"
    },
    "papermill": {
     "duration": null,
     "end_time": null,
     "exception": null,
     "start_time": null,
     "status": "pending"
    },
    "tags": []
   },
   "outputs": [
    {
     "data": {
      "text/plain": [
       "id        0\n",
       "cat0      0\n",
       "cat1      0\n",
       "cat2      0\n",
       "cat3      0\n",
       "cat4      0\n",
       "cat5      0\n",
       "cat6      0\n",
       "cat7      0\n",
       "cat8      0\n",
       "cat9      0\n",
       "cont0     0\n",
       "cont1     0\n",
       "cont2     0\n",
       "cont3     0\n",
       "cont4     0\n",
       "cont5     0\n",
       "cont6     0\n",
       "cont7     0\n",
       "cont8     0\n",
       "cont9     0\n",
       "cont10    0\n",
       "cont11    0\n",
       "cont12    0\n",
       "cont13    0\n",
       "target    0\n",
       "dtype: int64"
      ]
     },
     "execution_count": 8,
     "metadata": {},
     "output_type": "execute_result"
    }
   ],
   "source": [
    "train.isna().sum()"
   ]
  },
  {
   "cell_type": "code",
   "execution_count": 9,
   "id": "9914810f",
   "metadata": {
    "execution": {
     "iopub.execute_input": "2021-08-23T20:29:35.939031Z",
     "iopub.status.busy": "2021-08-23T20:29:35.938623Z",
     "iopub.status.idle": "2021-08-23T20:29:36.183693Z",
     "shell.execute_reply": "2021-08-23T20:29:36.182616Z",
     "shell.execute_reply.started": "2021-08-23T20:29:35.938989Z"
    },
    "papermill": {
     "duration": null,
     "end_time": null,
     "exception": null,
     "start_time": null,
     "status": "pending"
    },
    "tags": []
   },
   "outputs": [
    {
     "data": {
      "text/html": [
       "<div>\n",
       "<style scoped>\n",
       "    .dataframe tbody tr th:only-of-type {\n",
       "        vertical-align: middle;\n",
       "    }\n",
       "\n",
       "    .dataframe tbody tr th {\n",
       "        vertical-align: top;\n",
       "    }\n",
       "\n",
       "    .dataframe thead th {\n",
       "        text-align: right;\n",
       "    }\n",
       "</style>\n",
       "<table border=\"1\" class=\"dataframe\">\n",
       "  <thead>\n",
       "    <tr style=\"text-align: right;\">\n",
       "      <th></th>\n",
       "      <th>id</th>\n",
       "      <th>cont0</th>\n",
       "      <th>cont1</th>\n",
       "      <th>cont2</th>\n",
       "      <th>cont3</th>\n",
       "      <th>cont4</th>\n",
       "      <th>cont5</th>\n",
       "      <th>cont6</th>\n",
       "      <th>cont7</th>\n",
       "      <th>cont8</th>\n",
       "      <th>cont9</th>\n",
       "      <th>cont10</th>\n",
       "      <th>cont11</th>\n",
       "      <th>cont12</th>\n",
       "      <th>cont13</th>\n",
       "      <th>target</th>\n",
       "    </tr>\n",
       "  </thead>\n",
       "  <tbody>\n",
       "    <tr>\n",
       "      <th>id</th>\n",
       "      <td>1.000000</td>\n",
       "      <td>0.002445</td>\n",
       "      <td>0.001970</td>\n",
       "      <td>0.001552</td>\n",
       "      <td>0.000595</td>\n",
       "      <td>-0.002411</td>\n",
       "      <td>-0.001864</td>\n",
       "      <td>0.002295</td>\n",
       "      <td>-0.001246</td>\n",
       "      <td>-0.004349</td>\n",
       "      <td>-0.000328</td>\n",
       "      <td>0.000832</td>\n",
       "      <td>0.002284</td>\n",
       "      <td>-0.000480</td>\n",
       "      <td>-0.001694</td>\n",
       "      <td>0.000480</td>\n",
       "    </tr>\n",
       "    <tr>\n",
       "      <th>cont0</th>\n",
       "      <td>0.002445</td>\n",
       "      <td>1.000000</td>\n",
       "      <td>-0.009422</td>\n",
       "      <td>-0.296989</td>\n",
       "      <td>0.211333</td>\n",
       "      <td>-0.109776</td>\n",
       "      <td>0.392456</td>\n",
       "      <td>0.133995</td>\n",
       "      <td>0.294687</td>\n",
       "      <td>0.388510</td>\n",
       "      <td>0.394969</td>\n",
       "      <td>0.363413</td>\n",
       "      <td>0.255941</td>\n",
       "      <td>0.417872</td>\n",
       "      <td>0.023234</td>\n",
       "      <td>0.028819</td>\n",
       "    </tr>\n",
       "    <tr>\n",
       "      <th>cont1</th>\n",
       "      <td>0.001970</td>\n",
       "      <td>-0.009422</td>\n",
       "      <td>1.000000</td>\n",
       "      <td>-0.000627</td>\n",
       "      <td>-0.002233</td>\n",
       "      <td>-0.000285</td>\n",
       "      <td>0.003812</td>\n",
       "      <td>0.001321</td>\n",
       "      <td>0.013475</td>\n",
       "      <td>-0.021541</td>\n",
       "      <td>-0.002727</td>\n",
       "      <td>-0.001648</td>\n",
       "      <td>-0.017221</td>\n",
       "      <td>-0.006862</td>\n",
       "      <td>-0.010097</td>\n",
       "      <td>-0.002096</td>\n",
       "    </tr>\n",
       "    <tr>\n",
       "      <th>cont2</th>\n",
       "      <td>0.001552</td>\n",
       "      <td>-0.296989</td>\n",
       "      <td>-0.000627</td>\n",
       "      <td>1.000000</td>\n",
       "      <td>-0.180856</td>\n",
       "      <td>0.092780</td>\n",
       "      <td>-0.300140</td>\n",
       "      <td>-0.141724</td>\n",
       "      <td>-0.283989</td>\n",
       "      <td>-0.326456</td>\n",
       "      <td>-0.309118</td>\n",
       "      <td>-0.300273</td>\n",
       "      <td>-0.325023</td>\n",
       "      <td>-0.352009</td>\n",
       "      <td>-0.039815</td>\n",
       "      <td>0.034280</td>\n",
       "    </tr>\n",
       "    <tr>\n",
       "      <th>cont3</th>\n",
       "      <td>0.000595</td>\n",
       "      <td>0.211333</td>\n",
       "      <td>-0.002233</td>\n",
       "      <td>-0.180856</td>\n",
       "      <td>1.000000</td>\n",
       "      <td>-0.069934</td>\n",
       "      <td>0.201441</td>\n",
       "      <td>0.040133</td>\n",
       "      <td>0.172586</td>\n",
       "      <td>0.185221</td>\n",
       "      <td>0.194807</td>\n",
       "      <td>0.199525</td>\n",
       "      <td>0.140934</td>\n",
       "      <td>0.255117</td>\n",
       "      <td>0.037920</td>\n",
       "      <td>-0.022759</td>\n",
       "    </tr>\n",
       "    <tr>\n",
       "      <th>cont4</th>\n",
       "      <td>-0.002411</td>\n",
       "      <td>-0.109776</td>\n",
       "      <td>-0.000285</td>\n",
       "      <td>0.092780</td>\n",
       "      <td>-0.069934</td>\n",
       "      <td>1.000000</td>\n",
       "      <td>-0.148807</td>\n",
       "      <td>-0.044417</td>\n",
       "      <td>-0.095653</td>\n",
       "      <td>-0.122594</td>\n",
       "      <td>-0.123468</td>\n",
       "      <td>-0.132211</td>\n",
       "      <td>-0.115173</td>\n",
       "      <td>-0.151080</td>\n",
       "      <td>-0.012798</td>\n",
       "      <td>-0.023132</td>\n",
       "    </tr>\n",
       "    <tr>\n",
       "      <th>cont5</th>\n",
       "      <td>-0.001864</td>\n",
       "      <td>0.392456</td>\n",
       "      <td>0.003812</td>\n",
       "      <td>-0.300140</td>\n",
       "      <td>0.201441</td>\n",
       "      <td>-0.148807</td>\n",
       "      <td>1.000000</td>\n",
       "      <td>0.211800</td>\n",
       "      <td>0.329357</td>\n",
       "      <td>0.392057</td>\n",
       "      <td>0.411366</td>\n",
       "      <td>0.402053</td>\n",
       "      <td>0.308249</td>\n",
       "      <td>0.473964</td>\n",
       "      <td>0.053779</td>\n",
       "      <td>-0.015058</td>\n",
       "    </tr>\n",
       "    <tr>\n",
       "      <th>cont6</th>\n",
       "      <td>0.002295</td>\n",
       "      <td>0.133995</td>\n",
       "      <td>0.001321</td>\n",
       "      <td>-0.141724</td>\n",
       "      <td>0.040133</td>\n",
       "      <td>-0.044417</td>\n",
       "      <td>0.211800</td>\n",
       "      <td>1.000000</td>\n",
       "      <td>0.135333</td>\n",
       "      <td>0.117833</td>\n",
       "      <td>0.187303</td>\n",
       "      <td>0.178168</td>\n",
       "      <td>0.168731</td>\n",
       "      <td>0.171010</td>\n",
       "      <td>0.031183</td>\n",
       "      <td>-0.013807</td>\n",
       "    </tr>\n",
       "    <tr>\n",
       "      <th>cont7</th>\n",
       "      <td>-0.001246</td>\n",
       "      <td>0.294687</td>\n",
       "      <td>0.013475</td>\n",
       "      <td>-0.283989</td>\n",
       "      <td>0.172586</td>\n",
       "      <td>-0.095653</td>\n",
       "      <td>0.329357</td>\n",
       "      <td>0.135333</td>\n",
       "      <td>1.000000</td>\n",
       "      <td>0.332639</td>\n",
       "      <td>0.320239</td>\n",
       "      <td>0.283414</td>\n",
       "      <td>0.279405</td>\n",
       "      <td>0.363091</td>\n",
       "      <td>0.056958</td>\n",
       "      <td>0.035143</td>\n",
       "    </tr>\n",
       "    <tr>\n",
       "      <th>cont8</th>\n",
       "      <td>-0.004349</td>\n",
       "      <td>0.388510</td>\n",
       "      <td>-0.021541</td>\n",
       "      <td>-0.326456</td>\n",
       "      <td>0.185221</td>\n",
       "      <td>-0.122594</td>\n",
       "      <td>0.392057</td>\n",
       "      <td>0.117833</td>\n",
       "      <td>0.332639</td>\n",
       "      <td>1.000000</td>\n",
       "      <td>0.406517</td>\n",
       "      <td>0.341430</td>\n",
       "      <td>0.297121</td>\n",
       "      <td>0.434196</td>\n",
       "      <td>0.050163</td>\n",
       "      <td>0.017740</td>\n",
       "    </tr>\n",
       "    <tr>\n",
       "      <th>cont9</th>\n",
       "      <td>-0.000328</td>\n",
       "      <td>0.394969</td>\n",
       "      <td>-0.002727</td>\n",
       "      <td>-0.309118</td>\n",
       "      <td>0.194807</td>\n",
       "      <td>-0.123468</td>\n",
       "      <td>0.411366</td>\n",
       "      <td>0.187303</td>\n",
       "      <td>0.320239</td>\n",
       "      <td>0.406517</td>\n",
       "      <td>1.000000</td>\n",
       "      <td>0.361941</td>\n",
       "      <td>0.327866</td>\n",
       "      <td>0.437776</td>\n",
       "      <td>0.044631</td>\n",
       "      <td>-0.015726</td>\n",
       "    </tr>\n",
       "    <tr>\n",
       "      <th>cont10</th>\n",
       "      <td>0.000832</td>\n",
       "      <td>0.363413</td>\n",
       "      <td>-0.001648</td>\n",
       "      <td>-0.300273</td>\n",
       "      <td>0.199525</td>\n",
       "      <td>-0.132211</td>\n",
       "      <td>0.402053</td>\n",
       "      <td>0.178168</td>\n",
       "      <td>0.283414</td>\n",
       "      <td>0.341430</td>\n",
       "      <td>0.361941</td>\n",
       "      <td>1.000000</td>\n",
       "      <td>0.293860</td>\n",
       "      <td>0.407609</td>\n",
       "      <td>0.041353</td>\n",
       "      <td>0.052468</td>\n",
       "    </tr>\n",
       "    <tr>\n",
       "      <th>cont11</th>\n",
       "      <td>0.002284</td>\n",
       "      <td>0.255941</td>\n",
       "      <td>-0.017221</td>\n",
       "      <td>-0.325023</td>\n",
       "      <td>0.140934</td>\n",
       "      <td>-0.115173</td>\n",
       "      <td>0.308249</td>\n",
       "      <td>0.168731</td>\n",
       "      <td>0.279405</td>\n",
       "      <td>0.297121</td>\n",
       "      <td>0.327866</td>\n",
       "      <td>0.293860</td>\n",
       "      <td>1.000000</td>\n",
       "      <td>0.363579</td>\n",
       "      <td>0.031141</td>\n",
       "      <td>0.033378</td>\n",
       "    </tr>\n",
       "    <tr>\n",
       "      <th>cont12</th>\n",
       "      <td>-0.000480</td>\n",
       "      <td>0.417872</td>\n",
       "      <td>-0.006862</td>\n",
       "      <td>-0.352009</td>\n",
       "      <td>0.255117</td>\n",
       "      <td>-0.151080</td>\n",
       "      <td>0.473964</td>\n",
       "      <td>0.171010</td>\n",
       "      <td>0.363091</td>\n",
       "      <td>0.434196</td>\n",
       "      <td>0.437776</td>\n",
       "      <td>0.407609</td>\n",
       "      <td>0.363579</td>\n",
       "      <td>1.000000</td>\n",
       "      <td>0.059919</td>\n",
       "      <td>0.055829</td>\n",
       "    </tr>\n",
       "    <tr>\n",
       "      <th>cont13</th>\n",
       "      <td>-0.001694</td>\n",
       "      <td>0.023234</td>\n",
       "      <td>-0.010097</td>\n",
       "      <td>-0.039815</td>\n",
       "      <td>0.037920</td>\n",
       "      <td>-0.012798</td>\n",
       "      <td>0.053779</td>\n",
       "      <td>0.031183</td>\n",
       "      <td>0.056958</td>\n",
       "      <td>0.050163</td>\n",
       "      <td>0.044631</td>\n",
       "      <td>0.041353</td>\n",
       "      <td>0.031141</td>\n",
       "      <td>0.059919</td>\n",
       "      <td>1.000000</td>\n",
       "      <td>-0.028189</td>\n",
       "    </tr>\n",
       "    <tr>\n",
       "      <th>target</th>\n",
       "      <td>0.000480</td>\n",
       "      <td>0.028819</td>\n",
       "      <td>-0.002096</td>\n",
       "      <td>0.034280</td>\n",
       "      <td>-0.022759</td>\n",
       "      <td>-0.023132</td>\n",
       "      <td>-0.015058</td>\n",
       "      <td>-0.013807</td>\n",
       "      <td>0.035143</td>\n",
       "      <td>0.017740</td>\n",
       "      <td>-0.015726</td>\n",
       "      <td>0.052468</td>\n",
       "      <td>0.033378</td>\n",
       "      <td>0.055829</td>\n",
       "      <td>-0.028189</td>\n",
       "      <td>1.000000</td>\n",
       "    </tr>\n",
       "  </tbody>\n",
       "</table>\n",
       "</div>"
      ],
      "text/plain": [
       "              id     cont0     cont1     cont2     cont3     cont4     cont5  \\\n",
       "id      1.000000  0.002445  0.001970  0.001552  0.000595 -0.002411 -0.001864   \n",
       "cont0   0.002445  1.000000 -0.009422 -0.296989  0.211333 -0.109776  0.392456   \n",
       "cont1   0.001970 -0.009422  1.000000 -0.000627 -0.002233 -0.000285  0.003812   \n",
       "cont2   0.001552 -0.296989 -0.000627  1.000000 -0.180856  0.092780 -0.300140   \n",
       "cont3   0.000595  0.211333 -0.002233 -0.180856  1.000000 -0.069934  0.201441   \n",
       "cont4  -0.002411 -0.109776 -0.000285  0.092780 -0.069934  1.000000 -0.148807   \n",
       "cont5  -0.001864  0.392456  0.003812 -0.300140  0.201441 -0.148807  1.000000   \n",
       "cont6   0.002295  0.133995  0.001321 -0.141724  0.040133 -0.044417  0.211800   \n",
       "cont7  -0.001246  0.294687  0.013475 -0.283989  0.172586 -0.095653  0.329357   \n",
       "cont8  -0.004349  0.388510 -0.021541 -0.326456  0.185221 -0.122594  0.392057   \n",
       "cont9  -0.000328  0.394969 -0.002727 -0.309118  0.194807 -0.123468  0.411366   \n",
       "cont10  0.000832  0.363413 -0.001648 -0.300273  0.199525 -0.132211  0.402053   \n",
       "cont11  0.002284  0.255941 -0.017221 -0.325023  0.140934 -0.115173  0.308249   \n",
       "cont12 -0.000480  0.417872 -0.006862 -0.352009  0.255117 -0.151080  0.473964   \n",
       "cont13 -0.001694  0.023234 -0.010097 -0.039815  0.037920 -0.012798  0.053779   \n",
       "target  0.000480  0.028819 -0.002096  0.034280 -0.022759 -0.023132 -0.015058   \n",
       "\n",
       "           cont6     cont7     cont8     cont9    cont10    cont11    cont12  \\\n",
       "id      0.002295 -0.001246 -0.004349 -0.000328  0.000832  0.002284 -0.000480   \n",
       "cont0   0.133995  0.294687  0.388510  0.394969  0.363413  0.255941  0.417872   \n",
       "cont1   0.001321  0.013475 -0.021541 -0.002727 -0.001648 -0.017221 -0.006862   \n",
       "cont2  -0.141724 -0.283989 -0.326456 -0.309118 -0.300273 -0.325023 -0.352009   \n",
       "cont3   0.040133  0.172586  0.185221  0.194807  0.199525  0.140934  0.255117   \n",
       "cont4  -0.044417 -0.095653 -0.122594 -0.123468 -0.132211 -0.115173 -0.151080   \n",
       "cont5   0.211800  0.329357  0.392057  0.411366  0.402053  0.308249  0.473964   \n",
       "cont6   1.000000  0.135333  0.117833  0.187303  0.178168  0.168731  0.171010   \n",
       "cont7   0.135333  1.000000  0.332639  0.320239  0.283414  0.279405  0.363091   \n",
       "cont8   0.117833  0.332639  1.000000  0.406517  0.341430  0.297121  0.434196   \n",
       "cont9   0.187303  0.320239  0.406517  1.000000  0.361941  0.327866  0.437776   \n",
       "cont10  0.178168  0.283414  0.341430  0.361941  1.000000  0.293860  0.407609   \n",
       "cont11  0.168731  0.279405  0.297121  0.327866  0.293860  1.000000  0.363579   \n",
